3 4.2 3 -10.6665
4 6.6 4 34.7369
5 12.2 5 78.9477
6 22.6 6 122.025
7 35.2 7 164.027
8 50.6 8 205.013
9 76.2 9 245.042
10 105.4 10 284.172
11 131.2 11 322.463
12 144.8 12 359.972
13 183.8 13 396.76
14 246.4 14 432.884
15 399.6 15 468.403
16 341.6 16 503.376
17 512.6 17 537.863
18 469.6 18 571.921
19 552.2 19 605.61
20 639.8 20 638.988
21 786.2 21 672.115
22 841.6 22 705.048
23 961.8 23 737.847
24 1098.4 24 770.571
25 1231.8 25 803.277
26 1558.6 26 836.026
27 1543.8 27 868.876
28 1412.4 28 901.886
29 1088.4 29 935.114
30 984.6 30 968.619
31 925.4 31 1002.46
32 902.4 32 1036.7
33 887.8 33 1071.39
34 854.8 34 1106.59
35 866.2 35 1142.36
36 922 36 1178.77
37 907.8 37 1215.86
38 945 38 1253.7
39 1029 39 1292.34
40 1126.4 40 1331.85
41 1181.6 41 1372.29
42 1363.2 42 1413.71
43 1337.8 43 1456.17
44 1446.6 44 1499.73
45 1539.4 45 1544.45
46 1637.2 46 1590.38
47 1912.2 47 1637.6
48 1909.4 48 1686.15
49 1974.6 49 1736.09

