1000 6585.11 1000 5245.77
1005 5432.32 1005 5299.28
1010 5346.71 1010 5353.05
1015 5430.22 1015 5407.1
1020 5543.77 1020 5461.42
1025 5474.95 1025 5516.01
1030 5475.26 1030 5570.87
1035 5510.23 1035 5626.01
1040 5697.28 1040 5681.41
1045 5741.87 1045 5737.09
1050 5813.56 1050 5793.04
1055 5853.88 1055 5849.26
1060 5831.87 1060 5905.75
1065 5756.25 1065 5962.51
1070 5993.65 1070 6019.55
1075 5904.6 1075 6076.85
1080 6259.96 1080 6134.43
1085 6346.08 1085 6192.28
1090 6265.69 1090 6250.4
1095 6262.26 1095 6308.79
1100 6294.73 1100 6367.45
1105 6433.57 1105 6426.38
1110 6371.73 1110 6485.59
1115 6580.94 1115 6545.06
1120 6630.38 1120 6604.81
1125 6602.11 1125 6664.83
1130 6588.61 1130 6725.12
1135 6785.61 1135 6785.69
1140 6850.61 1140 6846.52
1145 6884.51 1145 6907.62
1150 6740.76 1150 6969
1155 7110.99 1155 7030.65
1160 7000.9 1160 7092.57
1165 7156.92 1165 7154.76
1170 7097.54 1170 7217.22
1175 7202.33 1175 7279.95
1180 7354.32 1180 7342.96
1185 7385.98 1185 7406.24
1190 7428.74 1190 7469.78
1195 7446.16 1195 7533.6
1200 7592.52 1200 7597.69
1205 7662.58 1205 7662.06
1210 7622.91 1210 7726.69
1215 7800.53 1215 7791.59
1220 7796.56 1220 7856.77
1225 7876.53 1225 7922.22
1230 8014.52 1230 7987.94
1235 8015.44 1235 8053.93
1240 8179.94 1240 8120.19
1245 8142.94 1245 8186.72
1250 8319.37 1250 8253.53
1255 8282.65 1255 8320.6
1260 8419.96 1260 8387.95
1265 8438.29 1265 8455.57
1270 8507.14 1270 8523.46
1275 8564.73 1275 8591.62
1280 8494.06 1280 8660.06
1285 8710.78 1285 8728.76
1290 8836.74 1290 8797.74
1295 8782.13 1295 8866.98
1300 8960.77 1300 8936.5
1305 9004.43 1305 9006.29
1310 9024.54 1310 9076.35
1315 9043.39 1315 9146.69
1320 9150.31 1320 9217.29
1325 9338.75 1325 9288.17
1330 9343.32 1330 9359.31
1335 9431.45 1335 9430.73
1340 9499.87 1340 9502.42
1345 9584.82 1345 9574.39
1350 9752.67 1350 9646.62
1355 9592.46 1355 9719.12
1360 9670.43 1360 9791.9
1365 10028.4 1365 9864.95
1370 9877.42 1370 9938.26
1375 10010.1 1375 10011.9
1380 10502.7 1380 10085.7
1385 10190 1385 10159.8
1390 10255 1390 10234.3
1395 10255.5 1395 10308.9
1400 10261.9 1400 10383.9
1405 10413.8 1405 10459.1
1410 10567.3 1410 10534.6
1415 10487.5 1415 10610.3
1420 10657.8 1420 10686.4
1425 10737.2 1425 10762.7
1430 10839.6 1430 10839.3
1435 10861.2 1435 10916.1
1440 11171 1440 10993.2
1445 10981.9 1445 11070.6
1450 10971.8 1450 11148.3
1455 11289.7 1455 11226.2
1460 11373.5 1460 11304.4
1465 11399.6 1465 11382.9
1470 11510.5 1470 11461.6
1475 11547.2 1475 11540.7
1480 11614.9 1480 11619.9
1485 11755.6 1485 11699.5
1490 11908.2 1490 11779.3
1495 11770.9 1495 11859.4
1500 11835.8 1500 11939.8
1505 12042.6 1505 12020.5
1510 11940.7 1510 12101.4
1515 12114.3 1515 12182.6
1520 12307.7 1520 12264
1525 12412.8 1525 12345.8
1530 12554 1530 12427.8
1535 12564.5 1535 12510
1540 12608.5 1540 12592.6
1545 12530.6 1545 12675.4
1550 12725.6 1550 12758.5
1555 12896.3 1555 12841.9
1560 12977 1560 12925.5
1565 13046.4 1565 13009.4
1570 13161.3 1570 13093.6
1575 13195.8 1575 13178
1580 13299.5 1580 13262.7
1585 13597.8 1585 13347.7
1590 13450 1590 13433
1595 13530.9 1595 13518.5
1600 13682.5 1600 13604.3
1605 13774.2 1605 13690.4
1610 13712.9 1610 13776.7
1615 13881.4 1615 13863.4
1620 13998.2 1620 13950.2
1625 13853.6 1625 14037.4
1630 14655.5 1630 14124.8
1635 14043.7 1635 14212.5
1640 14110.5 1640 14300.5
1645 14441.3 1645 14388.8
1650 14495.3 1650 14477.3
1655 14366.5 1655 14566.1
1660 14817.2 1660 14655.1
1665 14624.3 1665 14744.5
1670 15015.1 1670 14834.1
1675 14870.4 1675 14923.9
1680 14836.9 1680 15014.1
1685 15383 1685 15104.5
1690 15129.3 1690 15195.2
1695 15108.9 1695 15286.2
1700 15327.5 1700 15377.4
1705 15187.9 1705 15468.9
1710 15542.1 1710 15560.7
1715 15680.8 1715 15652.7
1720 15626.9 1720 15745
1725 15724.4 1725 15837.6
1730 15938.3 1730 15930.5
1735 16169.4 1735 16023.6
1740 16107 1740 16117
1745 15860.4 1745 16210.7
1750 16230.3 1750 16304.6
1755 16404.3 1755 16398.8
1760 16414.2 1760 16493.3
1765 16525.1 1765 16588.1
1770 16674 1770 16683.1
1775 16831.5 1775 16778.4
1780 16985.7 1780 16874
1785 17111.8 1785 16969.9
1790 17178.7 1790 17066
1795 17370.9 1795 17162.4
1800 17419 1800 17259
0 0 0 0.0465671
0 0 0 0.0465671
0 0 0 0.0465671
0 0 0 0.0465671
0 0 0 0.0465671
0 0 0 0.0465671
0 0 0 0.0465671
0 0 0 0.0465671
0 0 0 0.0465671
0 0 0 0.0465671
0 0 0 0.0465671
0 0 0 0.0465671
0 0 0 0.0465671
0 0 0 0.0465671
0 0 0 0.0465671
0 0 0 0.0465671
0 0 0 0.0465671
0 0 0 0.0465671
0 0 0 0.0465671
0 0 0 0.0465671
0 0 0 0.0465671
0 0 0 0.0465671
0 0 0 0.0465671
0 0 0 0.0465671
0 0 0 0.0465671
0 0 0 0.0465671
0 0 0 0.0465671
0 0 0 0.0465671
0 0 0 0.0465671
0 0 0 0.0465671
0 0 0 0.0465671
0 0 0 0.0465671
0 0 0 0.0465671
0 0 0 0.0465671
0 0 0 0.0465671
0 0 0 0.0465671
0 0 0 0.0465671
0 0 0 0.0465671
0 0 0 0.0465671
0 0 0 0.0465671
0 0 0 0.0465671
0 0 0 0.0465671
0 0 0 0.0465671
0 0 0 0.0465671
0 0 0 0.0465671
0 0 0 0.0465671
0 0 0 0.0465671
0 0 0 0.0465671
0 0 0 0.0465671
0 0 0 0.0465671
0 0 0 0.0465671
0 0 0 0.0465671
0 0 0 0.0465671
0 0 0 0.0465671
0 0 0 0.0465671
0 0 0 0.0465671
0 0 0 0.0465671
0 0 0 0.0465671
0 0 0 0.0465671
0 0 0 0.0465671
0 0 0 0.0465671
0 0 0 0.0465671
0 0 0 0.0465671
0 0 0 0.0465671
0 0 0 0.0465671
0 0 0 0.0465671
0 0 0 0.0465671
0 0 0 0.0465671
0 0 0 0.0465671
0 0 0 0.0465671
0 0 0 0.0465671
0 0 0 0.0465671
0 0 0 0.0465671
0 0 0 0.0465671
0 0 0 0.0465671
0 0 0 0.0465671
0 0 0 0.0465671
0 0 0 0.0465671
0 0 0 0.0465671
0 0 0 0.0465671
0 0 0 0.0465671
0 0 0 0.0465671
0 0 0 0.0465671
0 0 0 0.0465671
0 0 0 0.0465671
0 0 0 0.0465671
0 0 0 0.0465671
0 0 0 0.0465671
0 0 0 0.0465671
0 0 0 0.0465671
0 0 0 0.0465671
0 0 0 0.0465671
0 0 0 0.0465671
0 0 0 0.0465671
0 0 0 0.0465671
0 0 0 0.0465671
0 0 0 0.0465671
0 0 0 0.0465671
0 0 0 0.0465671
0 0 0 0.0465671
0 0 0 0.0465671
0 0 0 0.0465671
0 0 0 0.0465671
0 0 0 0.0465671
0 0 0 0.0465671
0 0 0 0.0465671
0 0 0 0.0465671
0 0 0 0.0465671
0 0 0 0.0465671
0 0 0 0.0465671
0 0 0 0.0465671
0 0 0 0.0465671
0 0 0 0.0465671
0 0 0 0.0465671
0 0 0 0.0465671
0 0 0 0.0465671
0 0 0 0.0465671
0 0 0 0.0465671
0 0 0 0.0465671
0 0 0 0.0465671
0 0 0 0.0465671
0 0 0 0.0465671
0 0 0 0.0465671
0 0 0 0.0465671
0 0 0 0.0465671
0 0 0 0.0465671
0 0 0 0.0465671
0 0 0 0.0465671
0 0 0 0.0465671
0 0 0 0.0465671
0 0 0 0.0465671
0 0 0 0.0465671
0 0 0 0.0465671
0 0 0 0.0465671
0 0 0 0.0465671
0 0 0 0.0465671
0 0 0 0.0465671
0 0 0 0.0465671
0 0 0 0.0465671
0 0 0 0.0465671
0 0 0 0.0465671
0 0 0 0.0465671
0 0 0 0.0465671
0 0 0 0.0465671
0 0 0 0.0465671
0 0 0 0.0465671
0 0 0 0.0465671
0 0 0 0.0465671
0 0 0 0.0465671
0 0 0 0.0465671
0 0 0 0.0465671
0 0 0 0.0465671
0 0 0 0.0465671
0 0 0 0.0465671
0 0 0 0.0465671
0 0 0 0.0465671
0 0 0 0.0465671
0 0 0 0.0465671
0 0 0 0.0465671
0 0 0 0.0465671
0 0 0 0.0465671
0 0 0 0.0465671
0 0 0 0.0465671
0 0 0 0.0465671
0 0 0 0.0465671
0 0 0 0.0465671
0 0 0 0.0465671
0 0 0 0.0465671
0 0 0 0.0465671
0 0 0 0.0465671
0 0 0 0.0465671
0 0 0 0.0465671
0 0 0 0.0465671
0 0 0 0.0465671
0 0 0 0.0465671
0 0 0 0.0465671
0 0 0 0.0465671
0 0 0 0.0465671
0 0 0 0.0465671
0 0 0 0.0465671
0 0 0 0.0465671
0 0 0 0.0465671
0 0 0 0.0465671
0 0 0 0.0465671
0 0 0 0.0465671
0 0 0 0.0465671
0 0 0 0.0465671
0 0 0 0.0465671
0 0 0 0.0465671
0 0 0 0.0465671
0 0 0 0.0465671
0 0 0 0.0465671
0 0 0 0.0465671
0 0 0 0.0465671
0 0 0 0.0465671
0 0 0 0.0465671
0 0 0 0.0465671
0 0 0 0.0465671
0 0 0 0.0465671
0 0 0 0.0465671
0 0 0 0.0465671
0 0 0 0.0465671
0 0 0 0.0465671
0 0 0 0.0465671
0 0 0 0.0465671
0 0 0 0.0465671
0 0 0 0.0465671
0 0 0 0.0465671
0 0 0 0.0465671
0 0 0 0.0465671
0 0 0 0.0465671
0 0 0 0.0465671
0 0 0 0.0465671
0 0 0 0.0465671
0 0 0 0.0465671
0 0 0 0.0465671
0 0 0 0.0465671
0 0 0 0.0465671
0 0 0 0.0465671
0 0 0 0.0465671
0 0 0 0.0465671
0 0 0 0.0465671
0 0 0 0.0465671
0 0 0 0.0465671
0 0 0 0.0465671
0 0 0 0.0465671
0 0 0 0.0465671
0 0 0 0.0465671
0 0 0 0.0465671
0 0 0 0.0465671
0 0 0 0.0465671
0 0 0 0.0465671
0 0 0 0.0465671
0 0 0 0.0465671
0 0 0 0.0465671
0 0 0 0.0465671
0 0 0 0.0465671
0 0 0 0.0465671
0 0 0 0.0465671
0 0 0 0.0465671
0 0 0 0.0465671
0 0 0 0.0465671
0 0 0 0.0465671
0 0 0 0.0465671
0 0 0 0.0465671
0 0 0 0.0465671
0 0 0 0.0465671
0 0 0 0.0465671
0 0 0 0.0465671
0 0 0 0.0465671
0 0 0 0.0465671
0 0 0 0.0465671
0 0 0 0.0465671
0 0 0 0.0465671
0 0 0 0.0465671
0 0 0 0.0465671
0 0 0 0.0465671
0 0 0 0.0465671
0 0 0 0.0465671
0 0 0 0.0465671
0 0 0 0.0465671
0 0 0 0.0465671
0 0 0 0.0465671
0 0 0 0.0465671
0 0 0 0.0465671
0 0 0 0.0465671
0 0 0 0.0465671
0 0 0 0.0465671
0 0 0 0.0465671
0 0 0 0.0465671
0 0 0 0.0465671
0 0 0 0.0465671
0 0 0 0.0465671
0 0 0 0.0465671
0 0 0 0.0465671
0 0 0 0.0465671
0 0 0 0.0465671
0 0 0 0.0465671
0 0 0 0.0465671
0 0 0 0.0465671
0 0 0 0.0465671
0 0 0 0.0465671
0 0 0 0.0465671
0 0 0 0.0465671
0 0 0 0.0465671
0 0 0 0.0465671
0 0 0 0.0465671
0 0 0 0.0465671
0 0 0 0.0465671
0 0 0 0.0465671
0 0 0 0.0465671
0 0 0 0.0465671
0 0 0 0.0465671
0 0 0 0.0465671
0 0 0 0.0465671
0 0 0 0.0465671
0 0 0 0.0465671
0 0 0 0.0465671
0 0 0 0.0465671
0 0 0 0.0465671
0 0 0 0.0465671
0 0 0 0.0465671
0 0 0 0.0465671
0 0 0 0.0465671
0 0 0 0.0465671
0 0 0 0.0465671
0 0 0 0.0465671
0 0 0 0.0465671
0 0 0 0.0465671
0 0 0 0.0465671
0 0 0 0.0465671
0 0 0 0.0465671
0 0 0 0.0465671
0 0 0 0.0465671
0 0 0 0.0465671
0 0 0 0.0465671
0 0 0 0.0465671
0 0 0 0.0465671
0 0 0 0.0465671
0 0 0 0.0465671
0 0 0 0.0465671
0 0 0 0.0465671
0 0 0 0.0465671
0 0 0 0.0465671
0 0 0 0.0465671
0 0 0 0.0465671
0 0 0 0.0465671
0 0 0 0.0465671
0 0 0 0.0465671
0 0 0 0.0465671
0 0 0 0.0465671
0 0 0 0.0465671
0 0 0 0.0465671
0 0 0 0.0465671
0 0 0 0.0465671
0 0 0 0.0465671
0 0 0 0.0465671
0 0 0 0.0465671
0 0 0 0.0465671
0 0 0 0.0465671
0 0 0 0.0465671
0 0 0 0.0465671
0 0 0 0.0465671
0 0 0 0.0465671
0 0 0 0.0465671
0 0 0 0.0465671
0 0 0 0.0465671
0 0 0 0.0465671
0 0 0 0.0465671
0 0 0 0.0465671
0 0 0 0.0465671
0 0 0 0.0465671
0 0 0 0.0465671
0 0 0 0.0465671
0 0 0 0.0465671
0 0 0 0.0465671
0 0 0 0.0465671
0 0 0 0.0465671
0 0 0 0.0465671
0 0 0 0.0465671
0 0 0 0.0465671
0 0 0 0.0465671
0 0 0 0.0465671
0 0 0 0.0465671
0 0 0 0.0465671
0 0 0 0.0465671
0 0 0 0.0465671
0 0 0 0.0465671
0 0 0 0.0465671
0 0 0 0.0465671
0 0 0 0.0465671
0 0 0 0.0465671
0 0 0 0.0465671
0 0 0 0.0465671
0 0 0 0.0465671
0 0 0 0.0465671
0 0 0 0.0465671
0 0 0 0.0465671
0 0 0 0.0465671
0 0 0 0.0465671
0 0 0 0.0465671
0 0 0 0.0465671
0 0 0 0.0465671
0 0 0 0.0465671
0 0 0 0.0465671
0 0 0 0.0465671
0 0 0 0.0465671
0 0 0 0.0465671
0 0 0 0.0465671
0 0 0 0.0465671
0 0 0 0.0465671
0 0 0 0.0465671
0 0 0 0.0465671
0 0 0 0.0465671
0 0 0 0.0465671
0 0 0 0.0465671
0 0 0 0.0465671
0 0 0 0.0465671
0 0 0 0.0465671
0 0 0 0.0465671
0 0 0 0.0465671
0 0 0 0.0465671
0 0 0 0.0465671
0 0 0 0.0465671
0 0 0 0.0465671
0 0 0 0.0465671
0 0 0 0.0465671
0 0 0 0.0465671
0 0 0 0.0465671
0 0 0 0.0465671
0 0 0 0.0465671
0 0 0 0.0465671
0 0 0 0.0465671
0 0 0 0.0465671
0 0 0 0.0465671
0 0 0 0.0465671
0 0 0 0.0465671
0 0 0 0.0465671
0 0 0 0.0465671
0 0 0 0.0465671
0 0 0 0.0465671
0 0 0 0.0465671
0 0 0 0.0465671
0 0 0 0.0465671
0 0 0 0.0465671
0 0 0 0.0465671
0 0 0 0.0465671
0 0 0 0.0465671
0 0 0 0.0465671
0 0 0 0.0465671
0 0 0 0.0465671
0 0 0 0.0465671
0 0 0 0.0465671
0 0 0 0.0465671
0 0 0 0.0465671
0 0 0 0.0465671
0 0 0 0.0465671
0 0 0 0.0465671
0 0 0 0.0465671
0 0 0 0.0465671
0 0 0 0.0465671
0 0 0 0.0465671
0 0 0 0.0465671
0 0 0 0.0465671
0 0 0 0.0465671
0 0 0 0.0465671
0 0 0 0.0465671
0 0 0 0.0465671
0 0 0 0.0465671
0 0 0 0.0465671
0 0 0 0.0465671
0 0 0 0.0465671
0 0 0 0.0465671
0 0 0 0.0465671
0 0 0 0.0465671
0 0 0 0.0465671
0 0 0 0.0465671
0 0 0 0.0465671
0 0 0 0.0465671
0 0 0 0.0465671
0 0 0 0.0465671
0 0 0 0.0465671
0 0 0 0.0465671
0 0 0 0.0465671
0 0 0 0.0465671
0 0 0 0.0465671
0 0 0 0.0465671
0 0 0 0.0465671
0 0 0 0.0465671
0 0 0 0.0465671
0 0 0 0.0465671
0 0 0 0.0465671
0 0 0 0.0465671
0 0 0 0.0465671
0 0 0 0.0465671
0 0 0 0.0465671
0 0 0 0.0465671
0 0 0 0.0465671
0 0 0 0.0465671
0 0 0 0.0465671
0 0 0 0.0465671
0 0 0 0.0465671
0 0 0 0.0465671
0 0 0 0.0465671
0 0 0 0.0465671
0 0 0 0.0465671
0 0 0 0.0465671
0 0 0 0.0465671
0 0 0 0.0465671
0 0 0 0.0465671
0 0 0 0.0465671
0 0 0 0.0465671
0 0 0 0.0465671
0 0 0 0.0465671
0 0 0 0.0465671
0 0 0 0.0465671
0 0 0 0.0465671
0 0 0 0.0465671
0 0 0 0.0465671
0 0 0 0.0465671
0 0 0 0.0465671
0 0 0 0.0465671
0 0 0 0.0465671
0 0 0 0.0465671
0 0 0 0.0465671
0 0 0 0.0465671
0 0 0 0.0465671
0 0 0 0.0465671
0 0 0 0.0465671
0 0 0 0.0465671
0 0 0 0.0465671
0 0 0 0.0465671
0 0 0 0.0465671
0 0 0 0.0465671
0 0 0 0.0465671
0 0 0 0.0465671
0 0 0 0.0465671
0 0 0 0.0465671
0 0 0 0.0465671
0 0 0 0.0465671
0 0 0 0.0465671
0 0 0 0.0465671
0 0 0 0.0465671
0 0 0 0.0465671
0 0 0 0.0465671
0 0 0 0.0465671
0 0 0 0.0465671
0 0 0 0.0465671
0 0 0 0.0465671
0 0 0 0.0465671
0 0 0 0.0465671
0 0 0 0.0465671
0 0 0 0.0465671
0 0 0 0.0465671
0 0 0 0.0465671
0 0 0 0.0465671
0 0 0 0.0465671
0 0 0 0.0465671
0 0 0 0.0465671
0 0 0 0.0465671
0 0 0 0.0465671
0 0 0 0.0465671
0 0 0 0.0465671
0 0 0 0.0465671
0 0 0 0.0465671
0 0 0 0.0465671
0 0 0 0.0465671
0 0 0 0.0465671
0 0 0 0.0465671
0 0 0 0.0465671
0 0 0 0.0465671
0 0 0 0.0465671
0 0 0 0.0465671
0 0 0 0.0465671
0 0 0 0.0465671
0 0 0 0.0465671
0 0 0 0.0465671
0 0 0 0.0465671
0 0 0 0.0465671
0 0 0 0.0465671
0 0 0 0.0465671
0 0 0 0.0465671
0 0 0 0.0465671
0 0 0 0.0465671
0 0 0 0.0465671
0 0 0 0.0465671
0 0 0 0.0465671
0 0 0 0.0465671
0 0 0 0.0465671
0 0 0 0.0465671
0 0 0 0.0465671
0 0 0 0.0465671
0 0 0 0.0465671
0 0 0 0.0465671
0 0 0 0.0465671
0 0 0 0.0465671
0 0 0 0.0465671
0 0 0 0.0465671
0 0 0 0.0465671
0 0 0 0.0465671
0 0 0 0.0465671
0 0 0 0.0465671
0 0 0 0.0465671
0 0 0 0.0465671
0 0 0 0.0465671
0 0 0 0.0465671
0 0 0 0.0465671
0 0 0 0.0465671
0 0 0 0.0465671
0 0 0 0.0465671
0 0 0 0.0465671
0 0 0 0.0465671
0 0 0 0.0465671
0 0 0 0.0465671
0 0 0 0.0465671
0 0 0 0.0465671
0 0 0 0.0465671
0 0 0 0.0465671
0 0 0 0.0465671
0 0 0 0.0465671
0 0 0 0.0465671
0 0 0 0.0465671
0 0 0 0.0465671
0 0 0 0.0465671
0 0 0 0.0465671
0 0 0 0.0465671
0 0 0 0.0465671
0 0 0 0.0465671
0 0 0 0.0465671
0 0 0 0.0465671
0 0 0 0.0465671
0 0 0 0.0465671
0 0 0 0.0465671
0 0 0 0.0465671
0 0 0 0.0465671
0 0 0 0.0465671
0 0 0 0.0465671
0 0 0 0.0465671
0 0 0 0.0465671
0 0 0 0.0465671
0 0 0 0.0465671
0 0 0 0.0465671
0 0 0 0.0465671
0 0 0 0.0465671
0 0 0 0.0465671
0 0 0 0.0465671
0 0 0 0.0465671
0 0 0 0.0465671
0 0 0 0.0465671
0 0 0 0.0465671
0 0 0 0.0465671
0 0 0 0.0465671
0 0 0 0.0465671
0 0 0 0.0465671
0 0 0 0.0465671
0 0 0 0.0465671
0 0 0 0.0465671
0 0 0 0.0465671
0 0 0 0.0465671
0 0 0 0.0465671
0 0 0 0.0465671
0 0 0 0.0465671
0 0 0 0.0465671
0 0 0 0.0465671
0 0 0 0.0465671
0 0 0 0.0465671
0 0 0 0.0465671
0 0 0 0.0465671
0 0 0 0.0465671
0 0 0 0.0465671
0 0 0 0.0465671
0 0 0 0.0465671
0 0 0 0.0465671
0 0 0 0.0465671
0 0 0 0.0465671
0 0 0 0.0465671
0 0 0 0.0465671
0 0 0 0.0465671
0 0 0 0.0465671
0 0 0 0.0465671
0 0 0 0.0465671
0 0 0 0.0465671
0 0 0 0.0465671
0 0 0 0.0465671
0 0 0 0.0465671
0 0 0 0.0465671
0 0 0 0.0465671
0 0 0 0.0465671
0 0 0 0.0465671
0 0 0 0.0465671
0 0 0 0.0465671
0 0 0 0.0465671
0 0 0 0.0465671
0 0 0 0.0465671
0 0 0 0.0465671
0 0 0 0.0465671
0 0 0 0.0465671
0 0 0 0.0465671
0 0 0 0.0465671
0 0 0 0.0465671
0 0 0 0.0465671
0 0 0 0.0465671
0 0 0 0.0465671
0 0 0 0.0465671
0 0 0 0.0465671
0 0 0 0.0465671
0 0 0 0.0465671
0 0 0 0.0465671
0 0 0 0.0465671
0 0 0 0.0465671
0 0 0 0.0465671
0 0 0 0.0465671
0 0 0 0.0465671
0 0 0 0.0465671
0 0 0 0.0465671
0 0 0 0.0465671
0 0 0 0.0465671
0 0 0 0.0465671
0 0 0 0.0465671
0 0 0 0.0465671
0 0 0 0.0465671
0 0 0 0.0465671
0 0 0 0.0465671
0 0 0 0.0465671
0 0 0 0.0465671
0 0 0 0.0465671
0 0 0 0.0465671
0 0 0 0.0465671
0 0 0 0.0465671
0 0 0 0.0465671
0 0 0 0.0465671
0 0 0 0.0465671
0 0 0 0.0465671
0 0 0 0.0465671
0 0 0 0.0465671
0 0 0 0.0465671
0 0 0 0.0465671
0 0 0 0.0465671
0 0 0 0.0465671
0 0 0 0.0465671
0 0 0 0.0465671
0 0 0 0.0465671
0 0 0 0.0465671
0 0 0 0.0465671
0 0 0 0.0465671
0 0 0 0.0465671
0 0 0 0.0465671
0 0 0 0.0465671
0 0 0 0.0465671
0 0 0 0.0465671
0 0 0 0.0465671
0 0 0 0.0465671
0 0 0 0.0465671
0 0 0 0.0465671
0 0 0 0.0465671
0 0 0 0.0465671
0 0 0 0.0465671
0 0 0 0.0465671
0 0 0 0.0465671
0 0 0 0.0465671
0 0 0 0.0465671
0 0 0 0.0465671
0 0 0 0.0465671
0 0 0 0.0465671
0 0 0 0.0465671
0 0 0 0.0465671
0 0 0 0.0465671
0 0 0 0.0465671
0 0 0 0.0465671
0 0 0 0.0465671
0 0 0 0.0465671
0 0 0 0.0465671
0 0 0 0.0465671
0 0 0 0.0465671
0 0 0 0.0465671
0 0 0 0.0465671
0 0 0 0.0465671
0 0 0 0.0465671
0 0 0 0.0465671
0 0 0 0.0465671
0 0 0 0.0465671
0 0 0 0.0465671
0 0 0 0.0465671
0 0 0 0.0465671
0 0 0 0.0465671
0 0 0 0.0465671
0 0 0 0.0465671
0 0 0 0.0465671
0 0 0 0.0465671
0 0 0 0.0465671
0 0 0 0.0465671
0 0 0 0.0465671
0 0 0 0.0465671
0 0 0 0.0465671
0 0 0 0.0465671
0 0 0 0.0465671
0 0 0 0.0465671
0 0 0 0.0465671
0 0 0 0.0465671
0 0 0 0.0465671
0 0 0 0.0465671
0 0 0 0.0465671
0 0 0 0.0465671
0 0 0 0.0465671
0 0 0 0.0465671
0 0 0 0.0465671
0 0 0 0.0465671
0 0 0 0.0465671
0 0 0 0.0465671
0 0 0 0.0465671
0 0 0 0.0465671
0 0 0 0.0465671
0 0 0 0.0465671
0 0 0 0.0465671
0 0 0 0.0465671
0 0 0 0.0465671
0 0 0 0.0465671
0 0 0 0.0465671
0 0 0 0.0465671
0 0 0 0.0465671
0 0 0 0.0465671
0 0 0 0.0465671
0 0 0 0.0465671
0 0 0 0.0465671
0 0 0 0.0465671
0 0 0 0.0465671
0 0 0 0.0465671
0 0 0 0.0465671
0 0 0 0.0465671
0 0 0 0.0465671
0 0 0 0.0465671
0 0 0 0.0465671
0 0 0 0.0465671
0 0 0 0.0465671
0 0 0 0.0465671
0 0 0 0.0465671
0 0 0 0.0465671
0 0 0 0.0465671
0 0 0 0.0465671
0 0 0 0.0465671
0 0 0 0.0465671
0 0 0 0.0465671
0 0 0 0.0465671
0 0 0 0.0465671
0 0 0 0.0465671
0 0 0 0.0465671
0 0 0 0.0465671
0 0 0 0.0465671
0 0 0 0.0465671
0 0 0 0.0465671
0 0 0 0.0465671
0 0 0 0.0465671
0 0 0 0.0465671
0 0 0 0.0465671
0 0 0 0.0465671
0 0 0 0.0465671
0 0 0 0.0465671
0 0 0 0.0465671
0 0 0 0.0465671
0 0 0 0.0465671
0 0 0 0.0465671
0 0 0 0.0465671
0 0 0 0.0465671
0 0 0 0.0465671
0 0 0 0.0465671
0 0 0 0.0465671
0 0 0 0.0465671
0 0 0 0.0465671
0 0 0 0.0465671
0 0 0 0.0465671
0 0 0 0.0465671
0 0 0 0.0465671
0 0 0 0.0465671
0 0 0 0.0465671
0 0 0 0.0465671
0 0 0 0.0465671
0 0 0 0.0465671
0 0 0 0.0465671
0 0 0 0.0465671
0 0 0 0.0465671
0 0 0 0.0465671
0 0 0 0.0465671
0 0 0 0.0465671
0 0 0 0.0465671
0 0 0 0.0465671
0 0 0 0.0465671
0 0 0 0.0465671
0 0 0 0.0465671
0 0 0 0.0465671
0 0 0 0.0465671
0 0 0 0.0465671
0 0 0 0.0465671
0 0 0 0.0465671
0 0 0 0.0465671
0 0 0 0.0465671
0 0 0 0.0465671
0 0 0 0.0465671
0 0 0 0.0465671
0 0 0 0.0465671
0 0 0 0.0465671
0 0 0 0.0465671
0 0 0 0.0465671
0 0 0 0.0465671
0 0 0 0.0465671
0 0 0 0.0465671
0 0 0 0.0465671
0 0 0 0.0465671
0 0 0 0.0465671
0 0 0 0.0465671
0 0 0 0.0465671
0 0 0 0.0465671
0 0 0 0.0465671
0 0 0 0.0465671
0 0 0 0.0465671
0 0 0 0.0465671
0 0 0 0.0465671
0 0 0 0.0465671
0 0 0 0.0465671
0 0 0 0.0465671
0 0 0 0.0465671
0 0 0 0.0465671
0 0 0 0.0465671
0 0 0 0.0465671
0 0 0 0.0465671
0 0 0 0.0465671
0 0 0 0.0465671
0 0 0 0.0465671
0 0 0 0.0465671
0 0 0 0.0465671
0 0 0 0.0465671
0 0 0 0.0465671
0 0 0 0.0465671
0 0 0 0.0465671
0 0 0 0.0465671
0 0 0 0.0465671
0 0 0 0.0465671
0 0 0 0.0465671
0 0 0 0.0465671
0 0 0 0.0465671
0 0 0 0.0465671
0 0 0 0.0465671
0 0 0 0.0465671
0 0 0 0.0465671
0 0 0 0.0465671
0 0 0 0.0465671
0 0 0 0.0465671
0 0 0 0.0465671
0 0 0 0.0465671
0 0 0 0.0465671
0 0 0 0.0465671
0 0 0 0.0465671
0 0 0 0.0465671
0 0 0 0.0465671
0 0 0 0.0465671
0 0 0 0.0465671
0 0 0 0.0465671
0 0 0 0.0465671
0 0 0 0.0465671
0 0 0 0.0465671
0 0 0 0.0465671
0 0 0 0.0465671
0 0 0 0.0465671
0 0 0 0.0465671
0 0 0 0.0465671
0 0 0 0.0465671
0 0 0 0.0465671
0 0 0 0.0465671
0 0 0 0.0465671
0 0 0 0.0465671
0 0 0 0.0465671
0 0 0 0.0465671
0 0 0 0.0465671
0 0 0 0.0465671
0 0 0 0.0465671
0 0 0 0.0465671
0 0 0 0.0465671
0 0 0 0.0465671
0 0 0 0.0465671
0 0 0 0.0465671
0 0 0 0.0465671
0 0 0 0.0465671
0 0 0 0.0465671
0 0 0 0.0465671
0 0 0 0.0465671
0 0 0 0.0465671
0 0 0 0.0465671
0 0 0 0.0465671
0 0 0 0.0465671
0 0 0 0.0465671
0 0 0 0.0465671
0 0 0 0.0465671
0 0 0 0.0465671
0 0 0 0.0465671
0 0 0 0.0465671
0 0 0 0.0465671
0 0 0 0.0465671
0 0 0 0.0465671
0 0 0 0.0465671
0 0 0 0.0465671
0 0 0 0.0465671
0 0 0 0.0465671
0 0 0 0.0465671
0 0 0 0.0465671
0 0 0 0.0465671
0 0 0 0.0465671
0 0 0 0.0465671
0 0 0 0.0465671
0 0 0 0.0465671
0 0 0 0.0465671
0 0 0 0.0465671
0 0 0 0.0465671
0 0 0 0.0465671
0 0 0 0.0465671
0 0 0 0.0465671
0 0 0 0.0465671
0 0 0 0.0465671
0 0 0 0.0465671
0 0 0 0.0465671
0 0 0 0.0465671
0 0 0 0.0465671
0 0 0 0.0465671
0 0 0 0.0465671
0 0 0 0.0465671
0 0 0 0.0465671
0 0 0 0.0465671
0 0 0 0.0465671
0 0 0 0.0465671
0 0 0 0.0465671
0 0 0 0.0465671
0 0 0 0.0465671
0 0 0 0.0465671
0 0 0 0.0465671
0 0 0 0.0465671
0 0 0 0.0465671
0 0 0 0.0465671
0 0 0 0.0465671
0 0 0 0.0465671
0 0 0 0.0465671
0 0 0 0.0465671
0 0 0 0.0465671
0 0 0 0.0465671
0 0 0 0.0465671
0 0 0 0.0465671
0 0 0 0.0465671
0 0 0 0.0465671
0 0 0 0.0465671
0 0 0 0.0465671
0 0 0 0.0465671
0 0 0 0.0465671
0 0 0 0.0465671
0 0 0 0.0465671
0 0 0 0.0465671
0 0 0 0.0465671
0 0 0 0.0465671
0 0 0 0.0465671
0 0 0 0.0465671
0 0 0 0.0465671
0 0 0 0.0465671
0 0 0 0.0465671
0 0 0 0.0465671
0 0 0 0.0465671
0 0 0 0.0465671
0 0 0 0.0465671
0 0 0 0.0465671
0 0 0 0.0465671
0 0 0 0.0465671
0 0 0 0.0465671
0 0 0 0.0465671
0 0 0 0.0465671
0 0 0 0.0465671
0 0 0 0.0465671
0 0 0 0.0465671
0 0 0 0.0465671
0 0 0 0.0465671
0 0 0 0.0465671
0 0 0 0.0465671
0 0 0 0.0465671
0 0 0 0.0465671
0 0 0 0.0465671
0 0 0 0.0465671
0 0 0 0.0465671
0 0 0 0.0465671
0 0 0 0.0465671
0 0 0 0.0465671
0 0 0 0.0465671
0 0 0 0.0465671
0 0 0 0.0465671
0 0 0 0.0465671
0 0 0 0.0465671
0 0 0 0.0465671
0 0 0 0.0465671
0 0 0 0.0465671
0 0 0 0.0465671
0 0 0 0.0465671
0 0 0 0.0465671
0 0 0 0.0465671
0 0 0 0.0465671
0 0 0 0.0465671
0 0 0 0.0465671
0 0 0 0.0465671
0 0 0 0.0465671
0 0 0 0.0465671
0 0 0 0.0465671
0 0 0 0.0465671
0 0 0 0.0465671
0 0 0 0.0465671
0 0 0 0.0465671
0 0 0 0.0465671
0 0 0 0.0465671
0 0 0 0.0465671
0 0 0 0.0465671
0 0 0 0.0465671
0 0 0 0.0465671
0 0 0 0.0465671
0 0 0 0.0465671
0 0 0 0.0465671
0 0 0 0.0465671
0 0 0 0.0465671
0 0 0 0.0465671
0 0 0 0.0465671
0 0 0 0.0465671
0 0 0 0.0465671
0 0 0 0.0465671
0 0 0 0.0465671
0 0 0 0.0465671
0 0 0 0.0465671
0 0 0 0.0465671
0 0 0 0.0465671
0 0 0 0.0465671
0 0 0 0.0465671
0 0 0 0.0465671
0 0 0 0.0465671
0 0 0 0.0465671
0 0 0 0.0465671
0 0 0 0.0465671
0 0 0 0.0465671
0 0 0 0.0465671
0 0 0 0.0465671
0 0 0 0.0465671
0 0 0 0.0465671
0 0 0 0.0465671
0 0 0 0.0465671
0 0 0 0.0465671
0 0 0 0.0465671
0 0 0 0.0465671
0 0 0 0.0465671
0 0 0 0.0465671
0 0 0 0.0465671
0 0 0 0.0465671
0 0 0 0.0465671
0 0 0 0.0465671
0 0 0 0.0465671
0 0 0 0.0465671
0 0 0 0.0465671
0 0 0 0.0465671
0 0 0 0.0465671
0 0 0 0.0465671
0 0 0 0.0465671
0 0 0 0.0465671
0 0 0 0.0465671
0 0 0 0.0465671
0 0 0 0.0465671
0 0 0 0.0465671
0 0 0 0.0465671
0 0 0 0.0465671
0 0 0 0.0465671
0 0 0 0.0465671
0 0 0 0.0465671
0 0 0 0.0465671
0 0 0 0.0465671
0 0 0 0.0465671
0 0 0 0.0465671
0 0 0 0.0465671
0 0 0 0.0465671
0 0 0 0.0465671
0 0 0 0.0465671
0 0 0 0.0465671
0 0 0 0.0465671
0 0 0 0.0465671
0 0 0 0.0465671
0 0 0 0.0465671
0 0 0 0.0465671
0 0 0 0.0465671
0 0 0 0.0465671
0 0 0 0.0465671
0 0 0 0.0465671
0 0 0 0.0465671
0 0 0 0.0465671
0 0 0 0.0465671
0 0 0 0.0465671
0 0 0 0.0465671
0 0 0 0.0465671
0 0 0 0.0465671
0 0 0 0.0465671
0 0 0 0.0465671
0 0 0 0.0465671
0 0 0 0.0465671
0 0 0 0.0465671
0 0 0 0.0465671
0 0 0 0.0465671
0 0 0 0.0465671
0 0 0 0.0465671
0 0 0 0.0465671
0 0 0 0.0465671
0 0 0 0.0465671
0 0 0 0.0465671
0 0 0 0.0465671
0 0 0 0.0465671
0 0 0 0.0465671
0 0 0 0.0465671
0 0 0 0.0465671
0 0 0 0.0465671
0 0 0 0.0465671
0 0 0 0.0465671
0 0 0 0.0465671
0 0 0 0.0465671
0 0 0 0.0465671
0 0 0 0.0465671
0 0 0 0.0465671
0 0 0 0.0465671
0 0 0 0.0465671
0 0 0 0.0465671
0 0 0 0.0465671
0 0 0 0.0465671
0 0 0 0.0465671
0 0 0 0.0465671
0 0 0 0.0465671
0 0 0 0.0465671
0 0 0 0.0465671
0 0 0 0.0465671
0 0 0 0.0465671
0 0 0 0.0465671
0 0 0 0.0465671
0 0 0 0.0465671
0 0 0 0.0465671
0 0 0 0.0465671
0 0 0 0.0465671
0 0 0 0.0465671
0 0 0 0.0465671
0 0 0 0.0465671
0 0 0 0.0465671
0 0 0 0.0465671
0 0 0 0.0465671
0 0 0 0.0465671
0 0 0 0.0465671
0 0 0 0.0465671
0 0 0 0.0465671
0 0 0 0.0465671
0 0 0 0.0465671
0 0 0 0.0465671
0 0 0 0.0465671
0 0 0 0.0465671
0 0 0 0.0465671
0 0 0 0.0465671
0 0 0 0.0465671
0 0 0 0.0465671
0 0 0 0.0465671
0 0 0 0.0465671
0 0 0 0.0465671
0 0 0 0.0465671
0 0 0 0.0465671
0 0 0 0.0465671
0 0 0 0.0465671
0 0 0 0.0465671
0 0 0 0.0465671
0 0 0 0.0465671
0 0 0 0.0465671
0 0 0 0.0465671
0 0 0 0.0465671
0 0 0 0.0465671
0 0 0 0.0465671
0 0 0 0.0465671
0 0 0 0.0465671
0 0 0 0.0465671
0 0 0 0.0465671
0 0 0 0.0465671
0 0 0 0.0465671
0 0 0 0.0465671
0 0 0 0.0465671
0 0 0 0.0465671
0 0 0 0.0465671
0 0 0 0.0465671
0 0 0 0.0465671
0 0 0 0.0465671
0 0 0 0.0465671
0 0 0 0.0465671
0 0 0 0.0465671
0 0 0 0.0465671
0 0 0 0.0465671
0 0 0 0.0465671
0 0 0 0.0465671
0 0 0 0.0465671
0 0 0 0.0465671
0 0 0 0.0465671
0 0 0 0.0465671
0 0 0 0.0465671
0 0 0 0.0465671
0 0 0 0.0465671
0 0 0 0.0465671
0 0 0 0.0465671
0 0 0 0.0465671
0 0 0 0.0465671
0 0 0 0.0465671
0 0 0 0.0465671
0 0 0 0.0465671
0 0 0 0.0465671
0 0 0 0.0465671
0 0 0 0.0465671
0 0 0 0.0465671
0 0 0 0.0465671
0 0 0 0.0465671
0 0 0 0.0465671
0 0 0 0.0465671
0 0 0 0.0465671
0 0 0 0.0465671
0 0 0 0.0465671
0 0 0 0.0465671
0 0 0 0.0465671
0 0 0 0.0465671
0 0 0 0.0465671
0 0 0 0.0465671
0 0 0 0.0465671
0 0 0 0.0465671
0 0 0 0.0465671
0 0 0 0.0465671
0 0 0 0.0465671
0 0 0 0.0465671
0 0 0 0.0465671
0 0 0 0.0465671
0 0 0 0.0465671
0 0 0 0.0465671
0 0 0 0.0465671
0 0 0 0.0465671
0 0 0 0.0465671
0 0 0 0.0465671
0 0 0 0.0465671
0 0 0 0.0465671
0 0 0 0.0465671
0 0 0 0.0465671
0 0 0 0.0465671
0 0 0 0.0465671
0 0 0 0.0465671
0 0 0 0.0465671
0 0 0 0.0465671
0 0 0 0.0465671
0 0 0 0.0465671
0 0 0 0.0465671
0 0 0 0.0465671
0 0 0 0.0465671
0 0 0 0.0465671
0 0 0 0.0465671
0 0 0 0.0465671
0 0 0 0.0465671
0 0 0 0.0465671
0 0 0 0.0465671
0 0 0 0.0465671
0 0 0 0.0465671
0 0 0 0.0465671
0 0 0 0.0465671
0 0 0 0.0465671
0 0 0 0.0465671
0 0 0 0.0465671
0 0 0 0.0465671
0 0 0 0.0465671
0 0 0 0.0465671
0 0 0 0.0465671
0 0 0 0.0465671
0 0 0 0.0465671
0 0 0 0.0465671
0 0 0 0.0465671
0 0 0 0.0465671
0 0 0 0.0465671
0 0 0 0.0465671
0 0 0 0.0465671
0 0 0 0.0465671
0 0 0 0.0465671
0 0 0 0.0465671
0 0 0 0.0465671
0 0 0 0.0465671
0 0 0 0.0465671
0 0 0 0.0465671
0 0 0 0.0465671
0 0 0 0.0465671
0 0 0 0.0465671
0 0 0 0.0465671
0 0 0 0.0465671
0 0 0 0.0465671
0 0 0 0.0465671
0 0 0 0.0465671
0 0 0 0.0465671
0 0 0 0.0465671
0 0 0 0.0465671
0 0 0 0.0465671
0 0 0 0.0465671
0 0 0 0.0465671
0 0 0 0.0465671
0 0 0 0.0465671
0 0 0 0.0465671
0 0 0 0.0465671
0 0 0 0.0465671
0 0 0 0.0465671
0 0 0 0.0465671
0 0 0 0.0465671
0 0 0 0.0465671
0 0 0 0.0465671
0 0 0 0.0465671
0 0 0 0.0465671
0 0 0 0.0465671
0 0 0 0.0465671
0 0 0 0.0465671
0 0 0 0.0465671
0 0 0 0.0465671
0 0 0 0.0465671
0 0 0 0.0465671
0 0 0 0.0465671
0 0 0 0.0465671
0 0 0 0.0465671
0 0 0 0.0465671
0 0 0 0.0465671
0 0 0 0.0465671
0 0 0 0.0465671
0 0 0 0.0465671
0 0 0 0.0465671
0 0 0 0.0465671
0 0 0 0.0465671
0 0 0 0.0465671
0 0 0 0.0465671
0 0 0 0.0465671
0 0 0 0.0465671
0 0 0 0.0465671
0 0 0 0.0465671
0 0 0 0.0465671
0 0 0 0.0465671
0 0 0 0.0465671
0 0 0 0.0465671
0 0 0 0.0465671
0 0 0 0.0465671
0 0 0 0.0465671
0 0 0 0.0465671
0 0 0 0.0465671
0 0 0 0.0465671
0 0 0 0.0465671
0 0 0 0.0465671
0 0 0 0.0465671
0 0 0 0.0465671
0 0 0 0.0465671
0 0 0 0.0465671
0 0 0 0.0465671
0 0 0 0.0465671
0 0 0 0.0465671
0 0 0 0.0465671
0 0 0 0.0465671
0 0 0 0.0465671
0 0 0 0.0465671
0 0 0 0.0465671
0 0 0 0.0465671
0 0 0 0.0465671
0 0 0 0.0465671
0 0 0 0.0465671
0 0 0 0.0465671
0 0 0 0.0465671
0 0 0 0.0465671
0 0 0 0.0465671
0 0 0 0.0465671
0 0 0 0.0465671
0 0 0 0.0465671
0 0 0 0.0465671
0 0 0 0.0465671
0 0 0 0.0465671
0 0 0 0.0465671
0 0 0 0.0465671
0 0 0 0.0465671
0 0 0 0.0465671
0 0 0 0.0465671
0 0 0 0.0465671
0 0 0 0.0465671
0 0 0 0.0465671
0 0 0 0.0465671
0 0 0 0.0465671
0 0 0 0.0465671
0 0 0 0.0465671
0 0 0 0.0465671
0 0 0 0.0465671
0 0 0 0.0465671
0 0 0 0.0465671
0 0 0 0.0465671
0 0 0 0.0465671
0 0 0 0.0465671
0 0 0 0.0465671
0 0 0 0.0465671
0 0 0 0.0465671
0 0 0 0.0465671
0 0 0 0.0465671
0 0 0 0.0465671
0 0 0 0.0465671
0 0 0 0.0465671
0 0 0 0.0465671
0 0 0 0.0465671
0 0 0 0.0465671
0 0 0 0.0465671
0 0 0 0.0465671
0 0 0 0.0465671
0 0 0 0.0465671
0 0 0 0.0465671
0 0 0 0.0465671
0 0 0 0.0465671
0 0 0 0.0465671
0 0 0 0.0465671
0 0 0 0.0465671
0 0 0 0.0465671
0 0 0 0.0465671
0 0 0 0.0465671
0 0 0 0.0465671
0 0 0 0.0465671
0 0 0 0.0465671
0 0 0 0.0465671
0 0 0 0.0465671
0 0 0 0.0465671
0 0 0 0.0465671
0 0 0 0.0465671
0 0 0 0.0465671
0 0 0 0.0465671
0 0 0 0.0465671
0 0 0 0.0465671
0 0 0 0.0465671
0 0 0 0.0465671
0 0 0 0.0465671
0 0 0 0.0465671
0 0 0 0.0465671
0 0 0 0.0465671
0 0 0 0.0465671
0 0 0 0.0465671
0 0 0 0.0465671
0 0 0 0.0465671
0 0 0 0.0465671
0 0 0 0.0465671
0 0 0 0.0465671
0 0 0 0.0465671
0 0 0 0.0465671
0 0 0 0.0465671
0 0 0 0.0465671
0 0 0 0.0465671
0 0 0 0.0465671
0 0 0 0.0465671
0 0 0 0.0465671
0 0 0 0.0465671
0 0 0 0.0465671
0 0 0 0.0465671
0 0 0 0.0465671
0 0 0 0.0465671
0 0 0 0.0465671
0 0 0 0.0465671
0 0 0 0.0465671
0 0 0 0.0465671
0 0 0 0.0465671
0 0 0 0.0465671
0 0 0 0.0465671
0 0 0 0.0465671
0 0 0 0.0465671
0 0 0 0.0465671
0 0 0 0.0465671
0 0 0 0.0465671
0 0 0 0.0465671
0 0 0 0.0465671
0 0 0 0.0465671
0 0 0 0.0465671
0 0 0 0.0465671
0 0 0 0.0465671
0 0 0 0.0465671
0 0 0 0.0465671
0 0 0 0.0465671
0 0 0 0.0465671
0 0 0 0.0465671
0 0 0 0.0465671
0 0 0 0.0465671
0 0 0 0.0465671
0 0 0 0.0465671
0 0 0 0.0465671
0 0 0 0.0465671
0 0 0 0.0465671
0 0 0 0.0465671
0 0 0 0.0465671
0 0 0 0.0465671
0 0 0 0.0465671
0 0 0 0.0465671
0 0 0 0.0465671
0 0 0 0.0465671
0 0 0 0.0465671
0 0 0 0.0465671
0 0 0 0.0465671
0 0 0 0.0465671
0 0 0 0.0465671
0 0 0 0.0465671
0 0 0 0.0465671
0 0 0 0.0465671
0 0 0 0.0465671
0 0 0 0.0465671
0 0 0 0.0465671
0 0 0 0.0465671
0 0 0 0.0465671
0 0 0 0.0465671
0 0 0 0.0465671
0 0 0 0.0465671
0 0 0 0.0465671
0 0 0 0.0465671
0 0 0 0.0465671
0 0 0 0.0465671
0 0 0 0.0465671
0 0 0 0.0465671
0 0 0 0.0465671
0 0 0 0.0465671
0 0 0 0.0465671
0 0 0 0.0465671
0 0 0 0.0465671
0 0 0 0.0465671
0 0 0 0.0465671
0 0 0 0.0465671
0 0 0 0.0465671
0 0 0 0.0465671
0 0 0 0.0465671
0 0 0 0.0465671
0 0 0 0.0465671
0 0 0 0.0465671
0 0 0 0.0465671
0 0 0 0.0465671
0 0 0 0.0465671
0 0 0 0.0465671
0 0 0 0.0465671
0 0 0 0.0465671
0 0 0 0.0465671
0 0 0 0.0465671
0 0 0 0.0465671
0 0 0 0.0465671
0 0 0 0.0465671
0 0 0 0.0465671
0 0 0 0.0465671
0 0 0 0.0465671
0 0 0 0.0465671
0 0 0 0.0465671
0 0 0 0.0465671
0 0 0 0.0465671
0 0 0 0.0465671
0 0 0 0.0465671
0 0 0 0.0465671
0 0 0 0.0465671
0 0 0 0.0465671
0 0 0 0.0465671
0 0 0 0.0465671
0 0 0 0.0465671
0 0 0 0.0465671
0 0 0 0.0465671
0 0 0 0.0465671
0 0 0 0.0465671
0 0 0 0.0465671
0 0 0 0.0465671
0 0 0 0.0465671
0 0 0 0.0465671
0 0 0 0.0465671
0 0 0 0.0465671
0 0 0 0.0465671
