1 -649.909
2 -358.818
3 805.545
4 6045.18
5 33989.9
6 208644
7 1.46616e+06
8 1.17358e+07
9 1.0563e+08
10 1.05631e+09
11 1.16194e+10
12 1.39433e+11
13 1.81263e+12
14 2.53768e+13
15 3.80652e+14
16 6.09043e+15
17 1.03537e+17
18 1.86367e+18
19 3.54098e+19
20 7.08196e+20
21 1.48721e+22
22 3.27186e+23
23 7.52529e+24
24 1.80607e+26
25 4.51517e+27
26 1.17394e+29
27 3.16965e+30
28 8.87502e+31
29 2.57376e+33
30 7.72127e+34
31 2.39359e+36
32 7.6595e+37
33 2.52763e+39
34 8.59396e+40
35 3.00789e+42
36 1.08284e+44
37 4.0065e+45
38 1.52247e+47
39 5.93764e+48
40 2.37506e+50
41 9.73773e+51
42 4.08985e+53
43 1.75863e+55
44 7.73799e+56
45 3.48209e+58
46 1.60176e+60
47 7.52829e+61
48 3.61358e+63
49 1.77065e+65
50 8.85327e+66
51 4.51517e+68
52 2.34789e+70
53 1.24438e+72
54 6.71965e+73
55 3.69581e+75
56 2.06965e+77
57 1.1797e+79
58 6.84227e+80
59 4.03694e+82
60 2.42216e+84
61 1.47752e+86
62 9.16062e+87
63 5.77119e+89
64 3.69356e+91
65 2.40082e+93
66 1.58454e+95
67 1.06164e+97
68 7.21916e+98
69 4.98122e+100
70 3.48685e+102
71 2.47567e+104
72 1.78248e+106
73 1.30121e+108
74 9.62895e+109
75 7.22172e+111
76 5.4885e+113
77 4.22615e+115
78 3.2964e+117
79 2.60415e+119
80 2.08332e+121
81 1.68749e+123
82 1.38374e+125
83 1.14851e+127
84 9.64745e+128
85 8.20033e+130
86 7.05229e+132
87 6.13549e+134
88 5.39923e+136
89 4.80532e+138
90 4.32478e+140
91 3.93555e+142
92 3.62071e+144
93 3.36726e+146
94 3.16522e+148
95 3.00696e+150
96 2.88668e+152
97 2.80008e+154
98 2.74408e+156
99 2.71664e+158
