21 2
21 2
38 3
47 4
57 5
59 5
65 6
69 7
80 8
102 11
112 12
127 13
131 14
139 14
156 17
168 18
169 18
169 18
170 20
180 20
183 22
188 22
194 22
195 22
196 22
198 25
204 25
205 26
210 26
212 26
222 26
223 26
224 26
226 27
229 27
232 29
233 29
235 29
244 29
248 30
251 30
255 31
263 32
266 32
269 32
278 33
281 33
281 33
290 34
294 35
297 35
299 37
307 38
308 39
313 40
332 41
332 41
334 41
336 43
341 45
346 45
367 45
373 47
378 49
389 50
389 51
393 52
399 53
400 53
402 53
402 54
413 54
415 54
419 55
425 56
433 57
435 57
438 57
444 57
447 59
448 60
452 60
460 61
467 64
468 64
469 67
485 68
485 69
490 69
501 71
503 71
513 71
514 72
518 74
525 75
529 77
532 77
536 77
558 78
564 78
570 79
585 81
591 82
598 82
599 82
610 83
616 83
617 85
618 85
620 85
620 86
622 87
623 91
627 91
628 91
640 92
654 92
657 92
660 93
663 93
673 93
675 95
676 96
685 96
687 97
688 97
688 98
688 98
705 99
712 100
715 101
725 101
728 103
729 104
731 105
736 106
737 107
743 107
745 108
748 109
755 110
767 110
768 110
771 110
780 111
788 115
793 115
796 115
800 116
802 117
816 117
819 117
819 117
820 117
820 117
826 119
826 119
830 119
830 120
833 120
837 120
839 121
841 122
846 124
847 124
847 124
849 124
851 125
854 125
871 125
875 126
877 126
879 127
885 131
887 131
887 132
891 132
896 133
898 133
901 134
902 134
906 134
907 135
919 135
923 136
927 138
933 138
936 138
940 140
941 141
948 141
951 142
951 145
956 147
962 152
971 153
983 154
986 156
992 161
993 164
