1 -839.922
2 -459.688
3 1061.25
4 7905.45
5 44407.9
6 272548
7 1.91516e+06
8 1.53298e+07
9 1.37978e+08
10 1.37979e+09
11 1.51777e+10
12 1.82132e+11
13 2.36772e+12
14 3.31481e+13
15 4.97222e+14
16 7.95555e+15
17 1.35244e+17
18 2.4344e+18
19 4.62535e+19
20 9.25071e+20
21 1.94265e+22
22 4.27383e+23
23 9.8298e+24
24 2.35915e+26
25 5.89788e+27
26 1.53345e+29
27 4.14031e+30
28 1.15929e+32
29 3.36193e+33
30 1.00858e+35
31 3.1266e+36
32 1.00051e+38
33 3.30169e+39
34 1.12257e+41
35 3.92901e+42
36 1.41444e+44
37 5.23344e+45
38 1.98871e+47
39 7.75596e+48
40 3.10238e+50
41 1.27198e+52
42 5.3423e+53
43 2.29719e+55
44 1.01076e+57
45 4.54844e+58
46 2.09228e+60
47 9.83372e+61
48 4.72019e+63
49 2.31289e+65
50 1.15645e+67
51 5.89787e+68
52 3.06689e+70
53 1.62545e+72
54 8.77745e+73
55 4.8276e+75
56 2.70345e+77
57 1.54097e+79
58 8.93762e+80
59 5.2732e+82
60 3.16392e+84
61 1.92999e+86
62 1.19659e+88
63 7.53854e+89
64 4.82467e+91
65 3.13603e+93
66 2.06978e+95
67 1.38675e+97
68 9.42993e+98
69 6.50665e+100
70 4.55465e+102
71 3.2338e+104
72 2.32834e+106
73 1.69969e+108
74 1.25777e+110
75 9.43327e+111
76 7.16928e+113
77 5.52035e+115
78 4.30587e+117
79 3.40164e+119
80 2.72131e+121
81 2.20426e+123
82 1.80749e+125
83 1.50022e+127
84 1.26019e+129
85 1.07116e+131
86 9.21195e+132
87 8.0144e+134
88 7.05267e+136
89 6.27688e+138
90 5.64919e+140
91 5.14076e+142
92 4.7295e+144
93 4.39844e+146
94 4.13453e+148
95 3.9278e+150
96 3.77069e+152
97 3.65757e+154
98 3.58442e+156
99 3.54858e+158
