2 -459.688
6 272548
7 1.91516e+06
3 1061.25
2 -459.688
2 -459.688
7 1.91516e+06
2 -459.688
2 -459.688
3 1061.25
7 1.91516e+06
4 7905.45
6 272548
3 1061.25
4 7905.45
2 -459.688
2 -459.688
6 272548
7 1.91516e+06
4 7905.45
2 -459.688
7 1.91516e+06
3 1061.25
2 -459.688
7 1.91516e+06
3 1061.25
7 1.91516e+06
4 7905.45
3 1061.25
4 7905.45
6 272548
2 -459.688
7 1.91516e+06
6 272548
3 1061.25
2 -459.688
7 1.91516e+06
4 7905.45
4 7905.45
4 7905.45
6 272548
4 7905.45
5 44407.9
7 1.91516e+06
4 7905.45
4 7905.45
7 1.91516e+06
6 272548
3 1061.25
3 1061.25
5 44407.9
6 272548
2 -459.688
4 7905.45
7 1.91516e+06
4 7905.45
4 7905.45
2 -459.688
2 -459.688
4 7905.45
6 272548
4 7905.45
5 44407.9
5 44407.9
5 44407.9
2 -459.688
7 1.91516e+06
3 1061.25
4 7905.45
6 272548
2 -459.688
6 272548
4 7905.45
4 7905.45
5 44407.9
7 1.91516e+06
7 1.91516e+06
5 44407.9
2 -459.688
6 272548
7 1.91516e+06
6 272548
4 7905.45
6 272548
3 1061.25
6 272548
5 44407.9
5 44407.9
6 272548
7 1.91516e+06
4 7905.45
2 -459.688
4 7905.45
3 1061.25
7 1.91516e+06
4 7905.45
7 1.91516e+06
4 7905.45
4 7905.45
6 272548
