6 42170.3
5 7499.39
2 -807.177
2 -807.177
5 7499.39
7 258863
7 258863
4 998.598
3 -446.022
6 42170.3
2 -807.177
3 -446.022
7 258863
5 7499.39
4 998.598
4 998.598
6 42170.3
6 42170.3
6 42170.3
5 7499.39
5 7499.39
7 258863
7 258863
6 42170.3
4 998.598
5 7499.39
3 -446.022
4 998.598
2 -807.177
4 998.598
6 42170.3
4 998.598
2 -807.177
4 998.598
3 -446.022
4 998.598
4 998.598
3 -446.022
4 998.598
5 7499.39
7 258863
5 7499.39
4 998.598
3 -446.022
6 42170.3
5 7499.39
6 42170.3
6 42170.3
6 42170.3
2 -807.177
4 998.598
4 998.598
5 7499.39
3 -446.022
7 258863
3 -446.022
2 -807.177
2 -807.177
7 258863
2 -807.177
3 -446.022
5 7499.39
7 258863
7 258863
6 42170.3
6 42170.3
6 42170.3
4 998.598
7 258863
5 7499.39
2 -807.177
4 998.598
2 -807.177
3 -446.022
6 42170.3
2 -807.177
7 258863
3 -446.022
7 258863
4 998.598
5 7499.39
6 42170.3
2 -807.177
3 -446.022
2 -807.177
3 -446.022
3 -446.022
2 -807.177
2 -807.177
6 42170.3
2 -807.177
6 42170.3
6 42170.3
6 42170.3
7 258863
4 998.598
7 258863
5 7499.39
7 258863
3 -446.022
