2 0
6 432
7 2210
3 1
2 0
2 0
7 2215
2 0
2 0
3 1
7 2250
4 10
6 326
3 1
4 10
2 0
2 0
6 314
7 2224
4 10
2 0
7 2202
3 2
2 0
7 2280
3 2
7 2262
4 17
3 1
4 9
6 311
2 0
7 2217
6 326
3 2
2 0
7 2329
4 9
4 10
4 9
6 325
4 10
5 48
7 2217
4 9
4 9
7 2467
6 289
3 2
3 1
5 95
6 312
2 0
4 9
7 2368
4 10
4 8
2 0
2 0
4 8
6 343
4 9
5 48
5 47
5 48
2 0
7 2083
3 2
4 8
6 292
2 0
6 361
4 9
4 8
5 49
7 2424
7 2236
5 48
2 0
6 291
7 2378
6 361
4 10
6 465
3 2
6 368
5 49
5 49
6 293
7 2238
4 9
2 0
4 59
3 2
7 2314
4 10
7 2376
4 9
4 9
6 364
