6 1143
5 110
2 0
2 0
5 98
7 2925
7 2853
4 9
3 2
6 303
2 0
3 2
7 2744
5 71
4 9
4 10
6 465
6 406
6 332
5 60
5 54
7 2341
7 2334
6 366
4 10
5 52
3 2
4 10
2 0
4 9
6 312
4 9
2 0
4 10
3 3
4 10
4 11
3 1
4 9
5 51
7 2381
5 51
4 9
3 1
6 310
5 51
6 315
6 313
6 310
2 0
4 10
4 9
5 51
3 2
7 2382
3 1
2 0
2 0
7 2249
2 0
3 2
5 51
7 2272
7 2264
6 311
6 314
6 311
4 10
7 2264
5 50
2 0
4 9
2 0
3 1
6 312
2 0
7 2250
3 1
7 2254
4 10
5 50
6 319
2 0
3 2
2 0
3 2
3 2
2 1
2 0
6 314
2 0
6 316
6 318
6 316
7 2262
4 10
7 2263
5 51
7 2275
3 2
