3 5.5 3 -211.792
4 13.5 4 -90.0191
5 16 5 25.4068
6 20.5 6 134.727
7 31 7 238.184
8 45 8 336.018
9 68 9 428.472
10 85 10 515.787
11 113 11 598.205
12 182.5 12 675.967
13 278.5 13 749.315
14 225 14 818.492
15 275.5 15 883.737
16 335 16 945.294
17 392.5 17 1003.4
18 464 18 1058.31
19 548.5 19 1110.25
20 644 20 1159.46
21 740 21 1206.2
22 856.5 22 1250.7
23 972.5 23 1293.2
24 1409.5 24 1333.94
25 1317 25 1373.17
26 1377 26 1411.13
27 1541.5 27 1448.06
28 1717.5 28 1484.19
29 1907.5 29 1519.78
30 2107.5 30 1555.07
31 2321 31 1590.29
32 2773.5 32 1625.69
33 2805.5 33 1661.5
34 3167.5 34 1697.98
35 3334.5 35 1735.36
36 3055 36 1773.89
37 2501 37 1813.8
38 2236 38 1855.33
39 1974 39 1898.74
40 1985.5 40 1944.26
41 1915.5 41 1992.13
42 1872.5 42 2042.59
43 1886 43 2095.89
44 1800 44 2152.27
45 1901 45 2211.96
46 1854 46 2275.22
47 1891.5 47 2342.27
48 1929.5 48 2413.38
49 2038.5 49 2488.76
50 2120 50 2568.68
51 2203 51 2653.36
52 2749 52 2743.06
53 2443 53 2838
54 2607 54 2938.44
55 2662 55 3044.62
56 3103.5 56 3156.77
57 2898.5 57 3275.14
58 3155 58 3399.97
59 3721.5 59 3531.51
60 3927.5 60 3669.98
61 3956.5 61 3815.65
62 3965.5 62 3968.74
63 4600.5 63 4129.5
64 4504.5 64 4298.17
65 4746 65 4474.99
66 4851.5 66 4660.2
67 4812 67 4854.05
68 5013.5 68 5056.78
69 5146.5 69 5268.62
70 5343 70 5489.83
71 6166 71 5720.64
72 5984.5 72 5961.29
73 6159 73 6212.02
74 6326.5 74 6473.09
75 6703.5 75 6744.72
76 6971 76 7027.16
77 7309 77 7320.65
78 7599 78 7625.44
79 7626.5 79 7941.76
80 8236.5 80 8269.86
81 8363 81 8609.98
82 8695 82 8962.35
83 9273 83 9327.23
84 9384 84 9704.85
85 9940 85 10095.5
86 11017.5 86 10499.3
87 10687 87 10916.6
88 11085 88 11347.6
89 12771 89 11792.6
90 12781.5 90 12251.7
91 12250.5 91 12725.3
92 13134.5 92 13213.6
93 13514 93 13716.8
94 13485.5 94 14235.1
95 14021.5 95 14768.9
96 14355 96 15318.3
97 19911.5 97 15883.5
98 16073.5 98 16464.9
99 16139.5 99 17062.7
0 0 0 -617.61
0 0 0 -617.61
0 0 0 -617.61
0 0 0 -617.61
